42.416396;6.037826;6.255817;10.088882;4.492283;4.629243;
38.768659;10.626586;10.755747;10.801472;4.954256;5.105340;
46.452245;4.957573;5.159586;10.843163;4.990146;5.149054;
43.184993;5.500601;5.712307;10.668952;5.474498;5.610383;
45.107683;6.955416;7.169595;10.906810;5.060593;5.193651;
46.033775;7.669172;7.881052;10.428420;5.184779;5.319927;
23.922819;5.265542;5.392829;11.883447;5.871354;6.059105;
42.426745;4.544151;4.673470;9.943093;5.132888;5.285601;
25.834876;4.391602;4.524132;9.711599;6.390786;6.522816;
36.933386;4.470410;4.597301;11.126650;5.567349;5.705436;
