43.746055;7.738762;7.954691;10.334547;12.202708;12.328787;
40.841804;4.484396;4.614306;11.967215;13.835401;13.976309;
45.665757;7.927910;8.137981;10.387549;11.439582;11.573245;
45.013434;7.825391;8.024610;10.543826;11.862874;11.998372;
44.534495;4.678667;4.796702;11.093111;11.421215;11.551655;
40.826614;5.294375;5.421144;11.193129;13.271294;13.406148;
43.138530;10.588938;10.873641;10.962930;15.756433;15.901369;
46.195007;7.660252;7.868729;10.660169;13.225203;13.359288;
43.637060;8.560538;8.770225;11.272783;11.738291;11.889106;
44.188052;7.950532;8.141426;11.159261;11.589245;11.728532;
