33.698927;5.279548;5.401999;11.074170;4.987203;5.123315;
43.233798;8.119785;8.317410;9.440292;5.352960;5.475992;
18.543154;4.592007;4.724409;9.991713;4.790889;4.918855;
41.386470;8.315266;8.447367;12.095289;6.160440;6.350713;
33.028468;4.563799;4.695083;10.227212;5.551046;5.700789;
38.568552;7.063604;7.188347;11.471760;5.333984;5.486169;
38.332177;11.862386;12.063569;10.369013;4.853634;4.976772;
33.659850;5.038733;5.164949;10.493051;4.565743;4.691635;
36.727320;5.192780;5.317500;9.741882;4.621401;4.742174;
37.165001;7.503741;7.628542;10.201024;4.963136;5.100749;
