3.052377;4.168643;4.463564;3.544234;7.372316;7.661809
3.091555;4.303528;4.610152;2.296381;5.797500;6.104097
3.017483;3.902982;4.197364;2.482040;6.504590;6.791748
3.082366;4.415786;4.700800;4.864110;7.099054;7.387923
3.095636;4.244451;4.536932;2.293693;5.915515;6.202096
3.270901;4.352361;4.648682;2.304467;5.831453;6.120959
3.089282;4.457817;4.782969;2.545464;5.683332;6.054670
3.043816;4.586862;4.912369;2.340549;6.809312;7.133310
3.044590;5.753262;6.081917;3.720249;5.738590;6.060070
3.079345;4.428982;4.756554;2.342013;7.187969;7.507624
