144.845661;5.583897;5.712816;73.363003;6723.525668;6723.747386;
140.729013;5.709713;5.832951;80.591166;6889.548399;6889.771600;
143.401507;5.533911;5.660190;65.889898;6918.329274;6918.564637;
141.451781;5.155875;5.276121;80.690262;6913.702374;6913.866798;
139.409200;5.137245;5.257463;72.234459;7008.095157;7008.233129;
139.736614;7.580516;7.703989;78.401920;6764.144499;6764.282760;
140.238034;4.462569;4.592095;46.952543;6735.379516;6735.553167;
139.641715;5.100791;5.220602;78.931226;6733.799329;6734.025372;
138.613591;5.215721;5.343427;41.525930;6928.617120;6928.771963;
139.553097;4.263512;4.394750;85.398297;6724.951404;6725.183272;
