4.202226;5.806246;6.097903;2.430595;4.958275;5.247962
2.983162;4.718095;5.024482;2.307353;5.038056;5.337103
3.234935;4.019686;4.334142;2.385118;5.244498;5.560845
3.050075;5.183406;5.466463;2.228525;4.947042;5.230509
3.059819;4.260647;4.567292;5.785309;4.660318;4.996841
3.082950;4.221967;4.546612;2.259194;4.492943;4.810257
3.280612;4.116596;4.430609;2.408122;5.053672;5.368814
3.217772;4.168706;4.508445;2.287830;4.925082;5.217207
3.028954;3.998529;4.319269;5.549285;5.374069;5.734868
3.087120;4.096622;4.391000;2.198981;4.550616;4.844690
