51.129394;8.051017;8.171138;16.092354;666.018488;666.160658;
48.563581;4.673292;4.804894;13.887675;679.702441;679.833772;
38.855008;4.589273;4.707869;16.527294;669.762659;669.915288;
50.423218;5.626513;5.751759;15.477344;650.795948;650.925426;
42.318910;7.646806;7.811086;22.627054;666.038086;666.211543;
51.633251;4.880602;5.007578;15.192702;671.426548;671.573521;
36.127318;5.205782;5.323736;15.509067;692.377581;692.520641;
36.743742;4.909363;5.036881;18.974473;669.571377;669.758269;
48.667353;6.564559;6.682777;13.177750;666.469644;666.614304;
51.564304;4.287751;4.410582;13.011114;681.568652;681.715189;
