41.436352;5.773656;5.900505;10.425771;5.111674;5.238297;
44.499665;6.530852;6.749108;10.099171;5.228088;5.358645;
44.523311;9.061843;9.264762;10.532835;6.232857;6.406712;
39.237148;5.434068;5.562406;10.350670;5.142703;5.275727;
40.096110;4.867506;4.993457;10.320404;5.663769;5.810531;
44.818193;6.840694;7.059172;10.409508;5.770087;5.901934;
45.689276;8.547220;8.750541;12.262474;9.356678;9.534143;
38.857084;4.555109;4.686096;9.888473;5.693623;5.828466;
39.093808;4.646567;4.770044;11.081394;6.140151;6.273981;
42.816894;5.243372;5.370197;10.765688;5.641868;5.771564;
