3.340883;4.207402;4.501704;11.662983;523.872500;524.239836
3.074921;5.910666;6.209855;9.548606;541.186345;541.596178
3.350030;4.366921;4.690342;10.020546;590.528927;590.971614
4.527374;6.049717;6.404977;9.350343;571.484149;571.858125
3.103174;4.493138;4.799376;11.632218;596.987739;597.365250
3.016426;4.692196;4.987697;9.522927;568.298180;569.135667
3.098008;4.687188;4.984274;9.404496;548.272661;549.084099
3.330749;4.673213;5.044923;11.703685;547.835489;548.284026
3.080492;4.444698;4.773648;11.700820;530.012247;530.869346
3.079925;4.282954;4.611528;11.673834;539.182340;540.055522
