3.092810;5.079364;5.404426;72.111689;5758.202839;5759.502063
3.014989;4.142730;4.463639;83.319518;5739.963461;5741.228181
3.029717;5.169878;5.465615;72.781366;5800.493435;5801.745856
3.057545;4.697242;5.007498;83.375960;6149.416218;6150.781113
4.281266;5.294752;5.588139;78.434290;5782.974030;5784.178781
3.047877;4.107671;4.415593;83.426874;5760.545968;5762.963496
3.090519;4.304402;4.623095;84.324177;5889.506977;5890.741806
4.394898;4.874113;5.206390;80.911724;5876.920916;5878.799883
3.064163;4.427686;4.975141;74.174078;5976.757489;5978.443304
3.105119;4.543688;4.825007;80.772945;6402.069680;6403.443089
