3.273107;4.530335;4.829058;2.260374;4.682218;4.987790
3.087970;4.212908;4.501752;2.777715;4.681877;4.962940
3.091197;4.333544;4.627727;2.418615;4.981745;5.270260
3.085353;3.857185;4.177939;2.764052;5.370430;5.689915
3.231014;4.183535;4.489882;2.377515;4.600114;4.906098
3.086297;3.826734;4.147825;2.709589;7.089250;7.409446
3.029390;3.982686;4.275359;3.878523;4.742741;5.063884
3.062680;4.608419;4.900039;2.318495;4.695264;4.984847
3.056912;4.533460;4.823375;2.460206;4.656503;4.945483
3.080301;4.062141;4.384972;2.320841;4.782275;5.104596
