3.106804;6.492104;6.792454;2.272815;4.480401;4.782958
4.506113;6.027109;6.317670;2.273621;5.260282;5.551534
3.125556;4.181508;4.480732;2.753919;5.287001;5.592346
3.218280;4.568304;4.897331;2.256310;4.933424;5.261788
3.055873;4.316956;4.617037;2.843792;5.651312;5.977866
3.353065;4.333801;4.660325;2.307813;5.061322;5.420170
3.097913;3.821027;4.140679;2.703756;5.199339;5.527796
3.108719;4.140086;4.465546;2.321696;5.656691;5.974258
3.063035;4.277776;4.581205;2.473914;5.026873;5.329609
3.098346;3.840497;4.147033;2.301551;4.561526;4.866948
