43.796279;4.212052;4.332756;12.412960;75.937926;76.075214;
37.508008;4.529685;4.669825;10.647037;77.133727;77.267351;
44.848029;10.898196;11.105015;11.084749;69.762942;69.887915;
44.794723;7.407343;7.617584;10.628429;72.701753;72.827812;
26.398884;4.334820;4.463553;11.395341;76.581695;76.715699;
45.305347;7.023524;7.235778;11.480869;77.723933;77.852738;
46.211007;4.676711;4.811105;11.449142;73.208970;73.344815;
47.523507;6.160527;6.365808;13.371606;78.886073;79.010613;
44.624223;4.822972;4.946849;11.959696;72.934968;73.081570;
47.982141;6.218089;6.423633;11.120749;77.726265;77.858705;
