3.103130;4.898324;5.190888;3.355263;68.386752;68.685277
3.251497;3.892192;4.211244;3.465697;64.532774;64.884161
3.076006;4.144437;4.440307;3.563465;64.544148;64.846604
4.240682;5.635371;5.947854;4.616412;69.523654;69.823732
4.576106;5.669239;5.966407;3.559068;68.834615;69.142922
3.121051;3.930029;4.246056;3.404937;65.271873;65.639666
3.116317;4.385730;4.754355;3.550349;77.444802;77.776624
4.448626;6.383674;6.678870;3.350882;80.987970;81.289254
3.089089;4.467578;4.795395;3.581758;68.502494;68.845756
3.136704;5.099736;5.382342;3.432577;74.561663;74.859460
