3.110350;4.744710;5.041253;2.437525;17.853791;18.311437
3.025102;6.778834;7.102506;2.450527;19.704403;20.028429
3.057208;4.175278;4.460452;2.622278;13.387256;13.670313
3.042888;4.792816;5.113053;2.488523;13.249331;13.569989
3.078547;4.853590;5.186662;2.447588;13.374743;13.698902
3.242018;4.051226;4.374693;2.501486;12.491614;12.819196
4.242032;5.028288;5.322207;2.579156;17.379263;17.672272
3.105287;4.242765;4.573270;3.641702;16.949246;17.270935
3.290120;4.372102;4.663000;2.629407;16.792549;17.083541
3.062098;4.432748;4.750164;3.693618;17.195918;17.517531
