38.934413;10.257566;10.457097;9.993451;4.533536;4.662165;
41.527503;5.171785;5.374699;10.236123;4.903171;5.034782;
40.583639;8.830713;9.028229;10.345945;4.828448;4.954044;
34.516567;4.562780;4.705730;9.785270;4.729219;4.853341;
37.323043;4.377198;4.499322;11.406535;4.824606;4.948649;
39.982146;8.141693;8.338832;11.014983;4.980399;5.105651;
38.300098;5.259514;5.381707;10.183720;4.499230;4.623784;
18.630265;4.314669;4.445259;10.404940;6.405177;6.528479;
38.784798;6.491325;6.698430;11.605721;6.323974;6.456908;
38.516193;5.520467;5.643811;11.476670;4.588861;4.718717;
